0.4965311379637569
0.4734137936029583
0.5118014765903354
0.5092968493700027
0.47474229882936925
0.45349497999995947
0.514631372410804
0.3997822756646201
0.48317722231149673
0.4794009914621711
0.47685190266929567
0.4745821862015873
0.43039373122155666
0.4918291009962559
0.4865494975820184
0.4755369396880269
0.4400298409163952
0.43356408551335335
0.49980649072676897
0.4119420179631561
0.5202662823721766
0.41239095956552774
0.31440285220742226
0.3441788759082556
0.38122521713376045
0.4806166752241552
0.4462589583126828
0.3522932471241802
0.5174885215237737
0.49867517314851284
