0.4046652707038447
0.3173192674294114
0.4217411857098341
0.42304295394569635
0.34442987479269505
0.4211283130571246
0.36667683022096753
0.4063867388176732
0.5333968214690685
0.5315990964882076
0.6075341803953052
0.45119513338431716
0.43902892200276256
0.3594252821058035
0.5438149189576507
0.4626583866775036
0.5527671370655298
0.5218104573432356
0.5245050061494112
0.5128900958225131
0.5656950537813827
0.3593400719691999
0.38578497286653146
0.3852198001695797
0.5513894773321226
0.44983056373894215
0.2939209578325972
0.48783948039636016
0.3597905554343015
0.4486797656281851
