0.392373777955072
0.5639986215392128
0.4330974960466847
0.3183883993187919
0.5000044275075197
0.3153245307621546
0.44339356548152864
0.4167939519684296
0.4221804637199966
0.33444031642284244
0.2738918498507701
0.460082798730582
0.32946611219085753
0.3258729108492844
0.3701844458701089
0.5167121624108404
0.27981110860127956
0.35056511010043323
0.6751390483987052
0.5396641610714141
0.2980721703352174
0.5612034973746631
0.5985732651606668
0.3370541943004355
0.5758880425710231
0.5832467487198301
0.31829652022133814
0.46769048724672757
0.3351273647858761
0.2998611152288504
