0.6119003314524889
0.7353048492223024
0.5286153871857096
0.6299301804974675
0.6390102617442608
0.4240474348189309
0.5137392891920172
0.505260732199531
0.5298127150163054
0.6787581809330732
0.5517376477364451
0.6039346550533082
0.7028313782066107
0.6530611561611295
0.580548133701086
0.5744958233553916
0.6356415215414017
0.6059711743146181
0.6250842926092446
0.6567309135571122
0.622425593668595
0.670429689111188
0.5426879609003663
0.5438628399278969
0.5593700688332319
0.5377588823903352
0.7032326313201338
0.44355981971602887
0.5041222132713301
0.6172291953116655
