0.5440759569464717
0.626600864887223
0.622167630623153
0.6503170722571667
0.6048864301701542
0.6536269776697736
0.5490776026654203
0.534425665917297
0.6335112184715399
0.6976100166757533
0.5582456080010161
0.6402931891643675
0.5634828710826696
0.5939837179139431
0.5854440879484173
0.6594578857257147
0.5673181136517087
0.6133577698055888
0.5919481755590823
0.5895214695847244
0.6128603122779168
0.5956316855590558
0.6758117187855532
0.6633342088753125
0.6468717127208947
0.6494519138577743
0.6638318400509888
0.5999251334869768
0.6270682456815848
0.6534926987642393
