0.53119962150231
0.5518835729453713
0.5532180047594011
0.5234528396977112
0.5385210523381829
0.5446993573568761
0.5138547724345699
0.5291053880937397
0.5207708165980875
0.5344989951699972
0.5345776929752901
0.5294952325057238
0.5405433010309935
0.5454400517046452
0.5305315596051514
0.545231492840685
0.5357841402292252
0.5353808449581265
0.5250468601007015
0.5495583321899176
0.5158893914776854
0.5534517522901297
0.5536869745701551
0.5206815048586577
0.5347120779333636
0.5531679606065154
0.5508672441355884
0.5515475911088288
0.5391493765637279
0.5945232142694294
