0.5209213961206842
0.6176306224078871
0.4799336275027599
0.5130469903306221
0.3302252976282034
0.5220186734804884
0.5833114319830202
0.5930935943615623
0.5966165068239206
0.4880690918798791
0.514919293083949
0.5545878207776695
0.5180972122543608
0.4859548755994183
0.5255209841998294
0.4913439827651018
0.5191126419231296
0.5305179675342515
0.5563265814780607
0.6443720886600204
0.5854081979487091
0.5444063993927557
0.4340556886381819
0.51710955137969
0.5226138592115603
0.5076262445545581
0.5464310643510544
0.5474889707984403
0.5510009177523898
0.5084703343454748
