0.5362503916257992
0.44949020160129294
0.5692217930190964
0.5450491781812161
0.5127492435276508
0.45384153141640127
0.4816177411703393
0.4580619733169442
0.38433243497274816
0.46336928542586975
0.4299884546198882
0.4989328794181347
0.4813368604518473
0.5287165455520153
0.4890871783718467
0.42442621965892613
0.4859685852425173
0.464634150499478
0.47007187036797404
0.381463995174272
0.5619001548620872
0.631055632213247
0.42590761644532904
0.5528723181341775
0.4684943099564407
0.5256174501264468
0.5132309955079108
0.4603653964586556
0.4174986021826044
