0.37224835017696023
0.5182162821292877
0.3454353656852618
0.2899690072517842
0.36139682843349874
0.39475401071831584
0.32492998940870166
0.34904701414052397
0.3170202531036921
0.39907936306553893
0.335821591434069
0.30697491380851716
0.3225332437141333
0.3631837950088084
0.3024301369441673
0.321744239423424
0.33392118103802204
0.3563853297382593
0.3217060517054051
0.3338069417513907
0.553913707844913
0.46220339043065906
0.393292491313332
0.5250203693285584
0.5008432562462986
0.49457200802862644
0.30069698207080364
0.3144445756915957
0.3099120743572712
0.33451976376818493
