0.48452064444791176
0.6294336403661873
0.5734851255692774
0.6277941621810896
0.5752869737043511
0.5729865792673081
0.6207854304811917
0.6083997033565538
0.5964184268377721
0.5837470771512017
0.5957414306467399
0.5966630834736861
0.5223189800453838
0.6001666615047725
0.5978001964394934
0.5957577366498299
0.5756982004677411
0.539454926703911
0.5257241404597153
0.5466347931651399
0.48674929036405956
0.4623753775840669
0.5860609530900547
0.5775852063234197
0.5553285813766706
0.5450503419851884
0.5616931142285466
0.5138577923207777
0.5598675768560497
0.5863861471007112
