0.28863994497805834
0.4289566297084093
0.3205523849464953
0.44249051343649626
0.331803565582959
0.48138317753910087
0.4225030818488449
0.3891015835106373
0.3760502506047487
0.4576024869456887
0.32180165871977806
0.3333461426664144
0.3137253059539944
0.3140067858621478
0.3660265470389277
0.4145725853741169
0.5295902799116448
0.4830233873799443
0.35791379283182323
0.2772581576136872
0.6006755218841136
0.5507714273408055
0.5377072654664516
0.5089737856760621
0.4916606699116528
0.5675917563494295
0.42707750585395843
0.34905170649290085
0.2957643144764006
0.5175715118821245
