0.45731744141085073
0.5683097781147808
0.5682726832164917
0.5146835283376276
0.5365822941785154
0.4637702831241768
0.4651364468736574
0.362039434214239
0.32252161926589906
0.37607225630199537
0.5168841248378158
0.41118745412677526
0.5234604430152103
0.5857423553970875
0.4307570522869355
0.6004564814211335
0.5075089463498443
0.5230828250641935
0.4437331797525985
0.5087824565562187
0.49530951539054513
0.52078750601504
0.5146064821165055
0.5342191556701437
0.4944305245880969
0.5088573403190821
0.6461543846235145
0.5119285682449117
0.4999716490856372
0.4117722308728844
