0.5696350284852087
0.5920457490137778
0.4513728618658206
0.5225477640051395
0.6191065441817045
0.5836479341960512
0.5466012783581391
0.6100232070311904
0.6870389869436622
0.5933997136016842
0.5507865559775382
0.5155885014683008
0.5944924028008245
0.6405590656213462
0.5429102764464915
0.4068129655206576
0.6499403482303023
0.6852375818416476
0.6490706009790301
0.6193392912682611
0.4802860313720885
0.4688105492386967
0.5722053869685624
0.5040529022808187
0.467173672048375
0.525107215384196
0.5329937400529161
0.5634560548933223
0.5905969953164458
0.5685869426233694
