0.8624919652938843
0.8465830460190773
0.8789348304271698
0.7710849605500698
0.7715470604598522
0.8093739077448845
0.7649532705545425
0.9032270610332489
0.8393966853618622
0.8670783936977386
0.6747099123895168
0.6557369008660316
0.6461717041675001
0.6885655056685209
0.7901598662137985
0.8767136484384537
0.7882360182702541
0.7992933914065361
0.7656403630971909
0.7897287607192993
0.8279468044638634
0.5233240862435196
0.5880421361653134
0.7425118582323194
0.7120174739975482
0.7559969983994961
0.8213072270154953
0.7961734160780907
0.6721562538295984
0.7589342892169952
