0.7045781584456563
0.6867936658672988
0.6999479052610695
0.7127068075351417
0.7202998641878366
0.7016899203881621
0.7327664219774306
0.6933242599479854
0.7105157228652388
0.7246492221020162
0.721918951254338
0.7183845406398177
0.7113728018011898
0.6874556480906904
0.734138602623716
0.7087229827884585
0.722965001128614
0.7108169012644794
0.7211427194997668
0.6733916951343417
0.6651279257494025
0.7233504252508283
0.7380271898582578
0.7106288345530629
0.7143685948103666
0.7099345662863925
0.7231776043772697
0.7247227629413828
0.6865991670638323
0.6622585683362558
